GameSave:
MapFreeSpace: 20 |

[
  6 6 6 6 6 6 6 6 6 6 6 6 6 6 6 6 6 6 6 6 6 6 6 6 6 6 6 6 6 6 6 6 6 6 6 6 6 6 6 6 6 6 6 6 6 6 6 6 6 6 
  6 6 6 6 6 5 6 6 6 6 5 6 6 6 6 6 6 6 6 6 6 6 5 5 6 6 6 6 6 6 6 5 6 6 6 6 6 6 6 6 6 5 6 5 6 6 6 6 6 6 
  6 6 4 5 7 6 7 4 5 6 6 7 6 4 7 6 7 6 4 4 6 6 4 4 6 5 7 6 7 5 6 6 6 6 6 6 6 7 5 6 5 4 4 6 4 6 6 6 6 4 
  6 4 6 6 6 4 7 6 5 6 6 6 6 4 6 7 6 4 7 4 6 6 6 6 6 6 6 6 5 4 4 4 6 6 5 6 6 6 6 6 6 4 5 6 6 6 4 5 4 6 
  6 6 6 6 7 6 6 6 6 4 6 4 6 7 6 6 6 7 6 6 6 6 6 6 6 6 7 6 6 6 6 6 4 6 5 6 6 6 6 6 6 5 6 4 6 4 6 5 6 6 
  6 6 5 7 6 6 6 6 4 6 6 6 4 5 6 6 6 4 6 6 6 4 6 6 4 6 6 6 5 6 6 6 6 6 6 4 6 7 6 4 6 5 6 6 7 6 7 6 6 6 
  6 6 6 6 6 6 6 6 6 4 6 6 4 6 5 4 4 6 5 6 6 6 6 6 6 6 7 6 6 4 6 6 6 6 4 6 6 4 6 6 7 6 6 6 6 6 4 6 6 6 
  6 6 6 6 6 4 6 6 5 5 6 6 4 5 4 5 7 6 6 5 4 6 6 6 6 4 7 6 6 7 6 6 6 6 5 6 6 6 4 6 6 6 4 6 7 6 6 6 6 6 
  6 5 6 6 6 6 6 5 6 6 6 7 6 4 6 6 6 4 5 6 6 6 6 6 6 6 4 6 5 4 6 6 4 6 6 7 6 6 4 5 6 6 7 6 6 6 6 6 4 6 
  6 6 4 4 6 6 5 7 6 6 4 6 6 7 6 6 6 5 6 6 6 6 4 6 4 6 6 5 5 6 6 4 6 7 6 7 4 6 7 5 5 4 6 6 6 6 7 7 6 6 
  6 6 5 4 7 6 6 6 6 6 6 6 6 6 6 6 6 4 4 6 6 6 6 4 6 4 6 6 4 6 6 6 4 6 6 6 4 4 6 6 6 6 6 5 6 6 6 6 6 6 
  5 7 4 6 6 6 6 4 6 4 6 6 6 5 7 6 4 6 4 4 4 4 6 6 6 7 7 6 6 6 6 6 6 6 6 4 6 6 6 6 8 6 6 5 6 6 9 6 6 6 
  6 6 6 6 6 7 4 4 6 6 4 4 7 5 6 5 6 6 9 6 6 6 6 4 6 6 6 6 5 6 6 6 6 6 5 5 6 6 5 6 4 7 6 4 5 6 6 5 4 6 
  6 6 6 6 6 4 6 5 6 5 6 7 6 6 7 7 6 6 9 4 6 6 4 6 6 6 6 4 4 6 4 4 4 6 6 5 6 6 5 6 4 6 6 7 5 6 6 4 7 6 
  4 4 6 6 6 6 6 6 6 5 5 7 6 6 6 4 8 4 6 5 6 6 6 6 6 7 6 4 6 4 6 4 6 6 6 5 4 5 6 6 6 8 4 6 4 6 6 6 8 6 
  6 6 7 6 6 6 5 6 6 4 7 5 6 6 7 4 6 6 9 6 6 6 7 6 6 6 4 6 6 6 6 6 8 5 6 7 4 6 4 6 6 6 6 6 4 5 6 6 5 4 
  6 6 6 6 6 4 5 6 6 6 5 4 6 4 6 4 6 6 6 4 8 6 6 5 6 6 6 6 4 6 6 6 4 6 6 6 4 4 8 6 6 6 4 4 6 6 6 6 4 6 
  6 6 4 6 6 6 7 6 6 6 5 6 6 6 6 6 7 8 6 6 6 6 4 6 7 4 6 6 6 6 4 7 6 6 6 6 6 6 6 6 6 6 5 5 7 9 4 7 6 6 
  6 6 6 6 6 6 7 6 6 4 6 6 4 7 6 6 6 6 4 5 6 6 6 7 7 4 4 6 4 6 4 6 6 6 6 7 6 7 6 6 6 4 7 4 7 6 4 6 7 6 
  6 6 8 6 6 6 6 4 6 4 6 5 6 4 6 6 6 6 4 6 6 6 6 6 5 6 6 6 6 6 6 7 4 6 4 6 4 6 6 4 6 4 4 6 6 7 6 6 6 6 
  6 6 6 6 6 4 4 6 6 5 6 6 6 5 7 4 6 4 7 7 4 6 5 6 6 6 6 4 4 6 6 4 4 6 7 5 6 4 6 6 7 6 5 6 6 6 5 6 6 6 
  4 6 6 7 7 4 8 4 6 6 6 4 6 5 5 6 6 5 8 6 5 5 6 6 6 6 6 7 4 5 6 5 6 4 6 9 6 6 7 6 4 6 6 6 6 4 6 5 7 6 
  6 6 6 6 6 6 6 6 6 8 6 6 5 6 4 6 7 6 4 5 6 6 7 4 7 6 6 6 6 6 4 6 4 4 6 6 4 4 5 4 6 7 6 6 6 6 5 4 6 6 
  6 6 6 8 6 6 6 6 5 6 6 6 6 6 6 6 6 6 6 6 4 6 4 6 6 6 4 6 5 6 6 8 4 6 6 5 7 5 6 7 6 4 6 4 6 6 6 6 6 6 
  7 7 5 6 4 4 6 6 4 6 6 6 4 4 6 9 6 5 4 5 5 6 6 4 6 6 6 6 6 5 6 6 4 6 7 6 4 6 6 6 6 8 6 5 6 4 6 5 4 6 
  5 4 6 6 6 6 7 4 6 5 6 6 6 4 7 6 6 6 6 5 6 6 6 4 6 6 4 6 6 6 6 8 6 6 6 6 4 5 8 6 6 6 4 6 5 4 6 6 7 8 
  6 4 5 5 8 6 6 6 6 6 5 6 4 6 6 7 6 6 8 5 4 6 6 6 6 8 6 6 4 8 6 6 6 5 4 6 6 6 6 4 6 6 6 4 5 6 6 5 6 4 
  6 5 6 9 4 6 4 6 5 6 6 7 4 7 6 6 7 6 5 6 6 6 6 7 5 8 6 7 6 7 5 5 4 6 7 7 6 6 4 6 6 7 6 6 6 4 8 6 6 4 
  7 6 6 6 5 6 6 6 5 6 6 6 4 9 7 6 4 4 6 6 6 8 6 6 4 8 6 4 6 7 6 4 6 4 5 6 6 6 6 6 9 6 6 6 6 7 6 6 6 6 
  6 6 4 7 6 6 6 5 4 5 6 6 6 6 5 6 6 6 4 5 6 6 6 4 6 6 6 6 4 4 6 6 5 6 7 6 6 7 6 6 6 6 4 6 6 4 6 6 6 6 
  6 6 8 6 8 6 6 6 6 6 6 7 4 6 6 4 6 7 6 6 9 6 6 6 6 6 6 6 6 6 4 5 4 6 6 4 4 7 6 6 4 6 6 7 6 6 6 4 8 6 
  6 6 6 4 4 6 6 5 6 8 6 6 7 6 6 6 6 6 7 6 7 6 6 6 6 6 4 6 4 5 4 6 7 6 6 6 6 6 6 6 4 6 6 7 7 6 6 4 4 7 
  7 6 6 9 7 6 6 6 5 6 6 6 7 6 6 4 6 4 7 6 4 7 6 6 7 7 7 7 6 6 6 6 6 5 6 8 6 6 6 6 6 6 6 6 6 6 6 8 6 6 
  6 4 6 4 4 6 6 6 7 4 5 5 7 4 4 4 6 5 4 4 4 7 6 5 6 4 9 6 4 7 4 7 6 5 5 7 6 8 7 5 6 6 6 4 6 4 4 6 6 4 
  6 6 4 6 6 6 4 6 4 5 6 6 6 4 6 8 8 5 4 6 9 8 6 7 4 6 6 6 4 4 6 6 6 7 6 6 6 5 6 6 7 6 6 6 4 6 6 4 4 6 
  6 5 6 6 8 6 6 5 4 6 4 6 4 9 7 4 6 6 6 8 6 4 6 6 7 4 6 6 4 9 9 6 6 6 6 5 4 4 6 4 6 7 5 6 4 6 5 7 6 6 
  7 6 6 5 6 7 6 6 5 4 5 6 6 6 8 6 4 6 8 4 6 4 4 6 4 6 6 6 6 6 8 6 6 4 7 6 6 6 6 6 6 7 5 6 6 6 6 6 6 6 
  6 7 6 4 6 6 6 5 6 6 4 6 6 6 7 6 6 4 6 6 6 6 4 6 4 6 4 6 5 6 5 6 6 6 6 8 5 6 8 5 4 8 6 6 4 4 6 5 6 6 
  6 6 7 6 4 4 6 7 6 6 7 6 4 7 4 7 4 6 6 5 5 6 6 7 6 5 6 6 7 6 6 6 6 7 6 6 6 6 6 6 6 6 6 6 7 5 6 4 5 7 
  6 4 6 5 7 8 6 6 4 7 6 7 5 4 7 6 6 5 6 6 6 6 6 6 6 6 5 6 6 5 7 5 6 6 6 4 6 6 6 6 6 6 4 6 6 6 6 6 5 6 
  5 6 6 6 6 5 4 6 4 4 5 6 7 6 6 4 6 8 6 7 6 4 6 6 5 4 4 9 7 5 6 6 8 6 4 7 9 6 6 6 6 6 5 6 6 6 6 6 6 6 
  6 6 6 6 8 6 6 6 5 8 8 8 6 8 6 7 6 6 5 4 6 7 6 7 6 6 9 6 6 5 4 6 4 6 6 6 6 6 6 6 6 6 6 6 6 5 6 4 6 5 
  6 7 6 6 6 6 6 5 8 5 6 6 4 8 6 5 6 6 6 4 6 6 7 4 8 4 5 6 6 4 6 6 6 6 4 4 6 6 5 6 6 6 5 6 6 6 6 6 4 7 
  5 6 5 5 6 7 5 8 5 6 6 6 7 4 6 6 6 6 4 6 6 6 6 6 6 7 4 8 8 6 5 6 4 5 6 6 4 6 7 6 6 6 4 6 9 6 6 6 6 6 
  7 6 6 6 6 8 6 7 7 4 6 5 6 6 4 6 6 5 6 6 6 4 6 6 6 6 6 4 6 6 6 6 6 6 6 6 6 7 6 4 7 6 4 6 9 4 4 4 5 4 
  7 7 6 6 7 4 6 5 6 6 6 9 7 5 6 6 4 4 5 8 4 6 6 4 6 4 6 4 4 6 5 6 6 6 6 6 6 6 4 6 6 6 6 6 6 6 4 4 6 5 
  6 5 6 6 6 6 8 6 5 4 5 4 4 7 5 6 4 6 6 6 7 7 4 6 6 4 6 7 6 7 6 6 7 4 6 5 6 5 6 5 6 5 6 8 6 6 7 8 6 6 
  6 6 6 6 6 6 5 6 6 5 6 4 8 4 9 6 6 4 4 4 6 4 6 6 9 6 6 7 6 4 4 5 6 4 6 6 6 6 4 7 4 7 4 6 6 6 9 6 6 4 
  6 7 6 7 4 9 6 6 7 6 6 6 6 4 6 6 4 6 6 6 6 6 7 4 6 4 6 6 6 6 6 6 7 4 6 6 6 4 6 6 7 6 5 5 5 6 5 4 7 6 
  6 4 6 6 6 6 6 4 5 6 7 6 6 7 6 6 6 6 6 6 5 6 6 5 6 7 6 6 4 4 7 6 6 6 6 7 6 4 6 6 6 6 6 6 6 6 5 6 4 6 
  9 6 6 6 6 6 6 6 6 6 9 6 6 9 6 4 4 6 5 6 6 6 6 4 6 6 4 6 8 4 5 6 4 5 6 4 6 5 4 8 6 4 5 4 4 6 4 6 4 6 
  4 5 6 6 9 6 9 6 5 7 8 6 7 6 6 6 7 4 6 6 6 6 7 6 5 9 6 4 6 6 8 9 6 6 6 7 8 4 6 6 9 4 6 8 6 6 4 6 9 6 
  6 6 8 7 5 8 6 6 4 5 6 7 5 6 5 7 6 6 6 6 6 4 6 6 5 8 6 5 5 4 6 7 6 4 7 6 6 6 6 6 6 8 6 6 6 6 6 6 6 6 
  4 6 6 6 6 5 6 8 6 7 5 6 5 4 7 6 4 8 5 6 6 9 5 8 6 8 6 6 6 4 5 6 5 5 6 8 5 6 6 6 6 5 7 7 6 6 8 4 9 6 
  9 6 6 4 6 6 6 5 8 6 6 7 6 6 4 6 6 4 6 6 5 6 6 4 4 4 4 6 6 6 6 8 6 6 6 4 6 4 4 4 6 6 5 6 6 6 6 6 4 7 
  6 4 5 5 4 5 9 7 6 4 6 6 6 6 6 4 6 6 4 6 6 6 6 6 6 7 6 4 7 8 6 7 6 6 6 7 6 6 6 8 4 7 4 5 6 7 4 6 6 7 
  6 6 7 6 9 4 4 6 6 6 4 4 8 6 5 6 5 7 6 5 4 8 6 6 8 6 6 5 6 6 7 6 6 9 8 4 6 5 8 6 6 6 6 6 4 5 6 6 6 8 
  6 6 8 6 7 6 6 4 8 7 6 6 6 6 7 6 6 6 6 7 6 7 6 6 6 6 6 4 6 6 6 6 7 4 4 6 6 6 4 4 6 6 5 6 6 6 4 4 7 5 
  6 6 6 6 6 6 9 6 6 6 6 7 6 6 9 6 6 6 5 6 6 6 4 4 6 4 7 4 7 6 6 6 5 6 6 6 6 6 4 5 5 6 6 8 5 6 5 4 5 6 
  6 7 6 6 6 6 7 6 8 7 6 6 8 6 8 6 6 6 5 5 7 6 8 6 5 7 6 4 8 6 4 6 6 6 6 6 6 8 5 4 6 6 6 4 6 6 6 6 8 6 
  6 6 6 6 9 6 8 6 6 6 4 6 6 4 6 5 6 6 5 5 6 4 8 6 6 6 4 6 6 4 4 6 5 6 7 6 6 4 6 7 4 6 5 5 4 6 8 6 8 4 
  7 6 7 6 8 6 6 5 7 5 4 6 6 8 7 6 5 6 9 5 6 6 9 4 6 7 6 5 4 6 4 5 6 4 8 6 6 7 4 6 8 6 8 6 7 6 6 6 6 7 
  7 7 5 6 6 6 5 6 5 6 6 6 5 9 6 6 6 8 4 6 5 6 6 7 6 4 6 5 6 4 6 6 6 6 5 6 7 6 4 4 6 6 6 6 8 4 6 6 6 8 
  4 5 6 6 6 7 7 6 6 6 6 7 6 8 5 5 4 6 6 6 7 9 5 8 6 6 6 5 5 7 5 6 5 7 9 6 7 7 6 6 6 4 6 7 4 6 6 7 6 4 
  7 5 6 4 6 8 7 4 6 7 6 4 4 5 6 9 9 4 6 6 6 4 7 4 5 6 4 6 7 6 4 4 6 6 7 6 7 6 6 4 6 6 6 6 6 6 7 6 4 6 
  6 7 6 4 8 6 6 6 6 6 8 6 6 6 6 4 5 4 6 6 6 6 6 6 6 5 6 6 6 6 6 6 6 6 7 6 6 5 6 4 6 4 4 6 8 8 6 4 6 6 
  4 6 9 6 7 6 6 6 6 6 6 5 6 6 7 4 8 4 6 9 6 7 6 6 6 4 9 6 7 6 5 6 6 6 6 6 6 6 6 5 6 6 8 6 6 6 6 5 9 7 
  7 4 4 4 6 4 4 5 6 7 6 6 6 6 6 6 4 6 6 6 6 6 6 6 4 6 6 6 6 6 6 6 4 6 6 6 6 6 4 6 4 7 7 6 4 6 6 5 6 6 
  6 4 6 6 7 4 6 6 7 4 7 9 6 6 8 8 6 4 6 6 6 5 6 6 9 8 6 6 4 5 4 4 6 7 6 7 8 7 8 6 6 4 5 8 6 6 6 6 5 6 
  7 4 6 6 6 6 8 6 4 6 8 6 6 7 6 6 7 6 7 6 6 5 5 7 7 7 6 6 6 6 6 6 6 6 6 6 5 6 4 6 7 8 7 5 4 6 4 6 9 8 
  7 6 5 6 6 6 6 6 7 4 7 6 4 4 6 7 6 4 6 5 6 6 6 5 6 6 6 4 5 6 6 6 8 7 7 6 4 6 5 6 6 4 6 5 6 7 5 4 7 4 
  6 6 5 6 7 7 6 6 7 6 9 6 9 6 4 6 6 7 4 6 4 6 6 6 8 6 6 7 5 7 6 6 8 6 9 6 6 4 6 6 7 7 8 6 6 5 6 6 6 6 
  6 4 6 6 6 8 5 6 6 6 6 6 8 6 6 6 6 6 6 9 8 6 8 5 4 4 5 6 6 9 5 4 7 4 6 4 4 6 6 6 5 8 8 4 6 4 7 6 6 6 
  6 7 7 9 6 4 6 6 7 7 7 6 8 4 6 5 6 4 9 8 6 6 4 7 8 6 7 6 5 7 7 6 6 6 5 6 6 6 5 6 6 9 5 4 7 6 4 6 6 6 
  6 5 6 7 6 7 8 6 6 4 6 6 6 7 6 5 6 6 6 6 5 6 6 4 6 4 8 4 8 6 4 6 6 6 6 6 6 7 6 9 5 6 6 6 6 7 4 6 6 4 
  9 8 6 6 6 8 6 5 7 6 7 4 6 6 4 6 7 6 6 4 8 6 4 4 6 6 5 9 5 6 6 7 6 6 4 8 6 6 6 5 6 9 9 6 6 6 6 8 6 6 
  4 6 6 6 6 4 9 6 6 6 7 6 6 6 7 6 6 5 8 9 5 6 7 9 6 9 6 6 6 6 7 5 6 6 6 6 6 6 6 8 6 6 7 6 6 4 6 5 8 7 
  6 8 6 6 4 6 4 4 4 8 6 4 6 6 6 6 6 6 6 6 4 6 6 6 6 6 6 7 6 6 8 4 7 5 7 4 5 4 9 5 6 6 6 6 6 6 6 7 6 6 
  6 4 4 8 6 6 6 4 7 7 4 5 4 8 6 6 6 6 6 4 4 6 6 9 6 8 6 6 5 9 7 7 7 4 5 6 7 4 4 6 4 6 6 6 7 5 6 6 4 4 
  6 6 5 6 5 6 6 6 5 7 6 7 7 8 4 6 6 4 8 6 6 4 6 6 5 6 6 5 6 6 7 6 6 6 6 6 6 4 6 4 4 6 7 5 5 8 4 4 7 6 
  6 7 6 6 6 6 6 4 8 6 7 4 4 6 6 6 6 7 6 8 7 4 6 6 6 4 6 6 4 6 6 9 6 6 6 6 6 6 6 6 6 8 6 6 6 6 6 6 6 6 
  6 4 6 7 6 6 4 4 9 8 4 4 5 6 6 7 6 8 9 6 5 7 6 6 8 6 5 9 6 5 6 6 6 7 6 6 6 6 7 4 7 6 5 6 7 7 6 4 6 8 
  6 6 6 6 4 6 5 6 8 7 5 6 6 7 6 6 4 6 4 6 4 8 4 6 5 6 6 6 6 5 6 6 6 8 9 8 6 6 6 6 5 7 7 4 4 7 6 6 6 9 
  6 9 6 6 6 6 6 6 4 6 6 6 8 6 6 6 4 6 6 8 6 6 4 6 6 7 5 6 7 6 6 4 6 4 4 6 6 4 6 6 7 4 6 6 5 6 7 6 6 5 
  6 6 6 7 6 6 7 6 6 6 6 9 6 6 7 6 7 7 6 7 4 6 6 5 7 6 6 7 5 6 9 6 4 6 7 6 6 6 6 5 6 5 8 6 4 6 6 6 9 5 
  6 5 8 7 6 6 5 6 5 7 6 4 6 6 6 6 5 6 6 6 6 5 6 8 6 6 6 6 6 6 6 6 6 6 5 6 6 7 8 6 6 6 6 4 5 6 6 5 6 4 
  6 6 6 6 6 6 7 6 6 6 6 6 4 7 6 9 6 8 6 7 7 6 8 5 5 6 8 6 6 6 6 6 6 6 8 7 6 6 6 6 6 8 6 6 7 4 5 6 7 4 
  5 9 6 5 6 4 7 6 7 7 6 6 6 6 6 6 6 4 7 6 6 5 6 7 6 6 4 7 5 6 6 5 8 4 4 6 4 4 4 9 6 6 6 6 7 9 5 6 7 6 
  7 6 6 4 6 6 7 6 5 6 6 6 6 6 6 6 6 6 9 6 6 6 6 6 6 6 5 4 6 6 6 4 6 7 8 6 6 9 6 6 4 6 6 8 6 6 6 7 4 6 
  6 9 4 6 6 6 4 5 6 5 4 9 6 6 4 7 6 5 6 6 6 6 5 6 6 6 6 7 6 6 7 8 8 6 6 4 7 7 4 6 7 4 7 6 4 9 8 6 6 6 
  5 9 6 4 8 6 6 6 5 4 4 6 6 6 6 6 6 6 6 4 4 6 6 9 9 6 4 8 8 4 6 6 6 4 6 6 6 6 6 6 6 6 8 5 6 6 4 8 8 7 
  6 6 6 6 6 6 6 6 8 4 7 6 5 5 7 6 6 5 8 7 6 6 6 4 6 8 6 6 6 5 6 6 6 5 6 6 7 9 8 6 6 6 6 6 6 6 6 6 6 6 
  4 6 6 8 5 7 8 6 5 4 9 6 6 6 6 6 5 6 6 4 4 6 6 7 6 6 9 6 6 4 6 6 6 5 4 9 6 7 8 6 7 6 6 5 6 5 5 6 6 9 
  6 6 7 6 6 6 6 6 4 9 5 6 6 8 6 6 6 6 6 7 6 6 6 8 6 4 6 4 6 8 5 6 8 5 6 6 6 7 6 6 6 6 6 6 6 6 6 6 6 6 
  6 6 7 6 9 6 6 6 7 6 6 6 6 9 7 8 4 5 5 6 6 6 4 4 6 5 4 4 7 6 6 6 6 8 6 6 8 6 4 6 6 6 8 6 5 6 6 6 6 9 
  6 6 5 6 4 7 6 6 6 7 6 6 9 5 4 6 4 8 6 6 6 7 6 6 6 6 6 6 6 6 6 8 4 6 6 7 6 7 4 6 4 6 6 5 6 6 8 7 9 4 
  6 6 6 4 6 6 6 4 6 5 7 6 5 8 9 9 6 6 6 6 5 6 6 7 6 4 4 8 6 6 6 6 6 6 7 5 6 8 6 6 5 6 7 7 6 4 9 4 6 8 
  6 6 5 6 4 6 6 5 4 6 7 6 6 6 4 6 6 6 6 6 8 6 9 6 6 6 7 8 4 6 8 4 4 6 5 4 6 6 7 9 6 7 5 9 6 4 6 6 8 6 
  4 8 6 6 6 8 6 6 8 6 7 6 6 6 6 6 6 5 6 6 6 5 6 6 8 6 6 9 4 7 6 6 6 6 4 6 6 5 6 9 4 4 7 6 6 6 6 6 6 6 
  6 6 7 4 7 6 7 5 6 8 6 6 6 6 6 6 4 6 6 4 6 6 5 6 8 6 6 4 8 7 4 6 8 5 6 9 6 6 8 5 6 6 4 8 6 4 6 9 6 7 
  7 8 6 6 9 6 5 6 6 6 5 7 8 6 6 8 6 7 7 6 6 4 6 5 6 6 7 9 6 6 5 4 4 8 7 8 6 5 6 7 6 6 7 6 7 5 6 6 7 6 
  6 8 6 7 6 4 6 5 6 8 9 6 4 6 9 6 7 6 4 4 6 6 7 6 8 8 4 5 8 8 6 6 6 4 6 8 4 6 7 6 6 6 4 6 5 9 6 6 5 6 
  4 6 6 8 6 6 5 7 6 4 4 6 7 5 6 4 5 6 6 6 8 8 5 4 6 4 4 4 4 6 6 6 6 6 8 5 6 6 4 6 6 6 7 5 6 6 6 8 6 6 
  7 7 9 6 8 9 6 6 6 7 6 6 6 7 8 6 6 5 5 8 7 7 5 7 7 9 7 4 6 6 8 6 6 6 4 5 5 6 8 6 5 7 4 6 7 6 6 6 6 9 
  6 9 6 6 6 6 5 6 6 8 4 8 6 4 8 5 4 6 7 6 6 6 4 5 5 4 6 5 8 5 9 8 6 6 9 8 6 9 8 6 4 6 4 7 6 6 4 6 6 6 
  4 7 6 6 7 6 6 8 7 6 9 6 4 6 6 9 6 6 9 7 6 6 6 6 6 6 6 6 6 9 6 7 4 6 9 4 6 6 6 6 6 6 6 4 8 6 6 6 6 6 
  6 9 6 6 6 6 8 6 8 9 6 8 4 6 6 5 8 7 9 7 8 4 6 4 6 4 6 4 4 6 6 6 5 8 6 7 6 4 8 8 6 4 6 6 6 6 6 4 6 5 
  6 5 8 6 6 7 7 6 6 8 5 6 4 6 6 6 6 4 4 7 4 5 6 6 6 8 7 4 6 6 4 6 4 5 7 6 6 4 5 5 6 6 6 5 6 6 6 4 6 4 
  9 6 6 6 7 6 6 6 5 5 4 6 6 6 6 6 6 6 6 4 6 6 6 6 6 5 6 4 7 6 6 4 6 6 6 6 6 7 6 7 6 6 6 8 9 6 6 6 4 6 
  6 6 4 6 7 6 6 6 6 6 4 6 7 4 6 6 4 9 9 6 8 6 8 6 7 6 7 6 6 6 9 6 6 5 7 6 8 6 6 4 6 6 6 6 6 5 8 5 4 6 
  6 8 4 8 6 6 4 4 5 5 6 4 8 5 8 6 8 8 6 6 6 6 6 9 4 4 6 6 6 9 4 6 6 6 6 6 6 9 4 6 6 6 9 7 4 4 8 8 9 6 
  6 4 6 6 6 6 4 6 6 8 6 8 4 7 6 6 6 6 4 7 6 6 4 5 9 8 6 6 4 6 6 7 6 6 6 6 6 6 4 8 7 7 5 6 6 6 6 6 6 6 
  6 6 6 4 6 6 8 6 4 7 6 6 6 7 6 6 9 8 6 5 6 4 6 6 9 7 6 6 6 9 6 6 6 7 6 4 4 4 6 6 8 6 6 6 6 4 4 4 6 6 
  4 6 7 4 6 6 6 6 9 6 6 4 6 6 7 4 6 6 8 6 6 4 6 5 5 6 6 6 7 9 7 8 9 5 9 6 6 7 6 5 6 6 6 6 9 8 6 8 6 4 
  4 6 6 6 6 4 5 6 6 9 6 6 6 6 4 6 7 6 6 6 8 6 6 6 6 6 6 8 6 6 6 6 4 7 4 8 6 8 4 4 5 6 8 6 6 4 6 6 6 5 
  7 7 9 8 6 6 6 4 4 8 6 6 6 7 8 6 7 8 6 7 6 4 6 6 7 7 6 7 8 6 9 6 8 6 5 6 7 8 9 6 6 6 5 6 4 6 5 7 6 6 
  8 4 4 6 7 8 6 5 8 6 6 7 6 6 6 4 6 6 7 9 8 7 4 4 6 6 8 4 6 6 4 8 5 4 4 6 6 6 6 6 9 6 6 6 4 6 6 6 7 5 
  6 6 6 4 8 6 6 7 4 6 6 4 9 4 7 6 4 4 6 4 6 6 6 4 6 8 7 4 4 7 6 7 7 7 6 7 6 6 6 5 4 8 6 7 4 6 6 6 6 6 
  7 9 4 5 6 6 8 6 6 6 6 5 7 6 4 5 6 6 6 7 7 6 6 4 6 5 6 4 6 6 4 6 6 6 6 7 7 6 6 7 8 5 6 6 4 6 6 4 6 6 
  6 4 7 6 9 6 6 6 7 6 6 7 6 6 6 6 4 6 6 5 8 4 6 6 8 6 6 6 6 6 4 6 8 6 5 8 6 6 6 6 8 6 6 5 6 6 4 9 6 6 
  7 7 5 6 6 9 5 7 6 7 4 6 9 4 5 6 6 6 6 9 9 4 8 8 8 6 9 5 7 6 7 4 6 6 6 6 6 6 6 4 6 6 5 6 7 5 4 5 6 8 
  7 6 6 6 4 6 5 4 6 6 9 6 6 7 6 6 6 6 6 7 6 7 6 6 6 6 6 6 6 6 6 4 4 6 6 8 6 6 6 6 4 9 6 5 6 8 7 8 5 6 
  6 5 6 6 4 6 6 5 6 6 6 6 5 4 6 6 5 6 4 5 6 5 6 8 6 7 6 9 6 9 6 6 7 6 6 7 6 7 6 4 7 6 8 9 5 6 7 9 6 9 
  6 6 6 6 6 8 8 6 4 6 6 6 6 6 5 6 6 7 6 6 5 7 6 6 9 6 6 6 9 6 6 9 6 6 5 6 6 8 6 6 7 6 5 4 6 7 4 6 5 8 
  6 4 6 6 6 6 4 6 7 6 6 6 4 6 4 6 6 6 6 7 7 4 6 4 7 8 6 6 7 8 6 7 7 6 9 8 6 4 6 7 6 7 9 4 6 6 7 9 6 5 
  6 9 7 6 6 7 6 6 6 5 9 6 6 6 6 6 6 6 6 6 6 6 7 6 7 5 6 7 6 9 7 9 8 5 6 6 9 6 5 4 6 6 6 6 6 6 6 6 6 6 
  6 6 6 6 8 6 4 6 4 8 4 6 7 8 6 6 6 9 6 6 8 6 8 5 6 6 6 6 6 5 6 6 6 7 9 4 8 4 6 7 4 6 6 6 7 8 5 7 7 4 
  4 6 6 6 7 8 6 6 9 6 6 5 8 4 7 9 6 6 6 4 6 6 9 7 7 8 5 4 6 5 6 7 8 7 4 8 6 6 7 7 6 7 9 6 6 6 6 6 6 6 
  9 6 4 6 6 6 5 6 4 4 5 6 6 4 4 6 6 5 6 6 5 6 4 6 6 8 9 6 4 6 6 7 6 6 6 4 6 6 6 6 6 8 6 9 6 6 7 6 6 7 
  6 5 7 6 6 4 4 6 4 6 5 6 6 6 6 7 9 5 6 6 7 7 6 6 8 6 4 6 4 6 6 6 6 6 6 4 5 7 4 6 9 4 7 7 8 7 9 6 6 6 

]
PlayerArmor: 20.000000 |
PlayerMaxArmor: 20.000000 |
PlayerFuel: 93.300000 |
PlayerMaxFuel: 100.000000 |
PlayerMiningSpeed: 1.500000 |
PlayerMoney: 666666 |
PlayerIsMining: F |
PlayerPos: 2500.000000 ; 1950.000000 |
PlayerDir: 0.000000 ; 0.000000 |
PlayerSize: 50.000000 ; 50.000000 |
MiningHandlerIsMining: F |
MininHandlerMiningProgress: 0.000000 |
ShopUpgradeCurrentUpgrade: 3 |
